81 . metiemini. 88

088 W 111 diii 1181181. 8111888181 1111111111, 18811888 888111 1188888118 8881811,

[8811818111 885 uotum 881818 jacis» fundamine 18188818.
88111 1881881811 18811818 8111111118 8181. 18181 8118111818 1811111 percurrit 81811118

8818181188811118 888188188818111888111118 [11188881,88181881818811881881118881188118.
811 888188188888181188818188 188818 1811111. 11888881118111 11188111881888188 181881

Nm 8818 1811188881 18118 8888111188118188888 11881881 81811181 88181 1888 18818118 normam.
1181881818 8188811, 1818181181 1111818188 858 181818 88 88118 811188 plaga 188188 881118
18188111 11188881,8818811 881881118811818 1118111818 88181 : triplex aperitur 88 88111881

181181 1118111811. mili 1818888111 1888881 1181181818 88188181 z 1181 occidualibus 88111
811 ibamus 8188181888 esi 1881811 armis: 057 1888 881818, 8881888188 18

118818 8888 881181 1881181888 8888111 81111, [axem

118881881111888818888818181181881818188188. 88881181 1118 11818811 11811881 1111818881118
milani} 81818 88811, gradibus 18818818· [1818181

[8811111 855 81118818 8811811888,881118888181818 881818

cwssAE VETERES.

81811188, 11181118, 1. fl 885. 1888881188, 81188 18188888818188188888818
81811888818818881181888181181111,1. 811811,118,,1,

815. 118181, 18111811.-8881,18,18881811818181, 1. 888. 1118111818, campum 1181811, 1.
816. 1118188881, 81118, 8811181188,1. 887. 1188181, 8811881 888811, i.
817. 111188, cirinus. Ι. 8888888888111,188888811181181.-1111188111811,
818. 181881818188111818, 1. 1188811188 88818111, i.
818. Euenus, 881881, Ι. 881. 11881818, 1111111818, 88881188.-11811181.181-
8²⁰· 5111811181,1181111118111-101111111111111111· 18111881. -88188118,118818181818;818888118811181,Ι.
881.118818,1881188, 881118 domm-Agim, 181181. -11118888, 1111888888-88188118,8188181881811.
488118, 1188881118, 1. 8111. 1181818, 811181 significat 888-81, 881111 juve·
88888881,13811111-11888181,888118118-1118· 811, occidens maturitatem, 8181181181881,1.
818818,818118,1. , . 831.A11s1rnm,mmiiem.⁰i.
,888Ι 1188188, fidem-superbis, 11111181, vei 1111· Ι mi 8811118811,181181181181.-118118,188118- 118
8118. . 8111, orannim, .

881.118111811,81811’8,1. .
· COMMENTARIUS.

18811811 8818 18 18181ιὶ81881 18181818881881118 8181181, 811. [1111118118 1881818 1181881881 81181111, a
818888888881 8818115181. 1188 8118181818 1188881118, c 11181181 ..... 1818811118 888 888888, tempore, 1818, uu.
888. 1, 8818. 15 81 seqq.. 881 1818 118888 818881, 81818881111811111. 1818111118 1818881818. 88 888 1888-
Quando 8118818181. ,ι’ 1181888111111881188181181811., 1818. 5158188118.
815. 1811 11888 1111818 18 1111. 88118881818811. 1181118881811881118181181181.111181.,.881 81881
8811ι11811818181111811,811.,88118811818 8811111111· 81881888181888881188818118.8881. 115. 811·
81888. 8181 88188881 inscriptionem apposuit.
815. 1181. 1 811818 18888, 11818, 8888818. 1118111881 881 1181811881,11881,8118811111811.188181.,88118
88188181 81188818, 18818 8818888118 18881811 8881 1111111811, 1181.,118118., 18111811181818111811. 1111811-
88188818 888 videtur 8888111118 Heinsius. Plerique 8881181, cellar.. 1881, 81111111. 1181.,1881811818
vetem 11811181 8181818881. Nihilominus lego 8181811· 8888811, quod postremum 181188 811.

18 8181. 181811 ‘i’ 11 81111. fuid„ 81818881. 885. 11888.. 81818, 8181181818 888818. 1181. 888
,0111818888881181188111881888 ¹ ι ⁸ 1881188,818111818..118118’8.,1181ἕ88818818118111111188
8118111111111ῗ1ς 118118181111118 111111111111118111111111111.ἐὲ ...iit
81 1181811111 ssei 8818 881111, 8888 888 auri. 881 818111 11811 1188 8188811811. 888018.. ο
81181,118 8881 81 8881118111 181881 1111111181. 1188181 887. 181.111181881811888811888,1188181888888.
hymneus. 11881881,1811.511.1181811811881181881- 818. 11888. 81 1188, 88811181 81881818. 111811 888·
nodi 8118188181, 81 81881881 1881818888 1118118811 8181181811881881818 18811111.81181111811111188188·
ineptissime, 888 enim 8811 1881181811 ornatus 881818 811118, quoii 18881 818181168118181811811811888181·
88881 1818811 88811888181118811188188888 8188- 81181181118811881888188181811888.1181881881118818888
1818 1818811, 118818 1188881181 noster 1188181 188881. 1188811181 81, 81. 81181188101118888888, uveniesffilggiem

811. 111111111811111111111110811111888111111181118 Nm· 1118188η8ῗ8111181118ιυωῗ111 8118881811288 8818..
8881, 8888111, 18818111118881881818118818111118· 1881818,· 18 1181.. 1888118;1811.88., uigilum 88181881
1188118181 11 81 8888818181. 1118111811 188811 8888 18811111 8118111888, 8111 8118818 8881 818181. 1181..
881111 818 188881, ui 18 1181811118 1888118 wie 81811118. ,imi’ 1811ῐῆ1ι1α8 xm! Ἆιῖιιιῶῐζόγεῦὲᾜῖᾗ Γ11181εἰ
11181811288Ὕέ811118881181111111111819181.1888118 dirigiaiioiiinm 11881811 881811 18118188, 88818118.
,ω’ mm mimum· 11 1· 8 181 1 ω’,8581111111[1811111111-11111111111111881818188181888·
..11811111”1.’.·.;..1ἑ8.11“.8....18 - 888 ’ mn... 818881. . Ι
uque 8881818188. 81811.,8881818811188818.Ρ8Ι., 1151018118, 18811888118811118811.ο .
88 188111 118811. 111818, 1118111 18111 1811818. Gis.. 851. 181 8.,1111881818188,81811188118118888818.
0!ss 888118 188181, 8818118118818188111,881881881 Timaui„ 11811188 iic 8818 111818.
adque 1881111888. 818188111188811). 88881 88181888· 855.81118811811181 881888 8818188, 8818181, 8888
888 1181 811181118818111 ’181 888888811818 1111· 8818881 1888811881 8118111. 888 88818188 1818 881881
118818 818111 1811181 8181 1181811818888 1188881818· 88181811 1881188 omnia 888181181818811 18818181
811. 1181111188 iecit 81888181 1181188188811818η 118- 81811 88181888 888818 agamennona. 18 811881. , 881818

 

