11161 11191666 111 nmmum 111611 1166111111 1111111111. 1661

9111111111, 716.

111111103111111181111111811111111 1111111111 ex 6116111111
6611661611.

71111111, 11111111,111111611111 11111111. 1661. 711111·
111116 res 1111111111 trahitur, 616. Vulnus 1111111 61111111,
6661161 11,111,1619

1 111
⁰ 322²& 11111181 116 1111111111 111. vulturum

‚ .

W

1111116611, 1161611161. ¹
11116111111111111111111 li'rsgdffl, 117, m.
⁰ ggffiffimfflg? 16 ’ ⁰
61111111111111111 9116111111, 6, 76, 91, 61. 111-
11111, 11111111, 166, 6, 166, 616, 1611166, 1661113
.,571,696,666,616,66611 .,669, 616, 617, 661669,
661717 711 7111 791 7 ,666 611 816 666 696

1111111111 1111111, 111 seq. 111 1111113111 1111

1161.

1111111ἶ6116ῗ111, 1111.
1111111111 1111111111 6116111111, 11176, 1116.
wistremiri 11111. 11111. 1111111111 commeantium,

11111111111111, 666.
7111161111 werinherus. 76.

1
11161111 11115116, 1167.
111111, 11111 611111.

Y
Ζ
11113111111111111 61 ¹²02

71111 pro 11111, 1116.

w 1131110111, 1111, 1111.
eumz 6111.

111 1111111 111111111111111111161111, 167.
1111111116·

Zeno 6111111111, 116111, 667, 676, 119 69) 916,

Zacharia 61111111. 1

1111, 111111, 111111.,1111,11111111,1111,1111,’ 11111111 papa, 1111.

1111, 1111, 1111,
111111Ιὶ1ςί11 Petrus, 161.
11131131111611111111111 aq„ 111,

1111161111111111111, 61.
mnus, 111111, 961 seq.
Zonaras 1111111, 867.

Zosimus papa, 111 111.

11111111111111111111. ‘ ·

Μ

INDEX VERBORUM ET PHRASIUM·

Numerus 1111111111 iudicauimus 1111111111 61611, litteras satisfactionem 1111 1211111111· 1111111111 11161111
1111111111 1111111111 1111111111. ’ ’

Δ

111111,1,111.11111111 1111111111, 7111111111·
66161611166171. 666161116666
611. 1111111111, 6. 111.1111111,1,169.111111111111111,
1111. 11111 pomarum, 1111.

1111111111, 6. 166.

11111111 tempus, 616.

1111161111, 11, 616.

11111111 1111111111ῗῇ1, 96.

ξῇἓέἓῖἰὲΐῶω

. . 1 ·
111Ἢῗ1ἷ113ῐέ111.1111,1,111.

1ΞΞΠἘ131Ξ9Ξ11 1110666

11111611611111111,’1,699. ’

131111ἓὲ 1ῗ11114

Aoei'nta 1111161116 119

1616166631·

1611131111111111111 1111111.

· 161661111111196611“’’1

11111 meabiles, 11, 166.

166116111161611,111,596. ¹

1111111111111111 per 11111111, 11, 119. sega 1111111,
ι’11111111111111,ι nmmum, 111.

16 111111, 1766. butem. 6. 166. §amm 1111111111,
11766. 111111, 11, 6611. 61111 [111116111166161111115.
6666661 1161166161 1111116111
169. 6111111 lngus. 6111. 6111111611111111,1,1116.
mugga Ι1111111111,11666.1’11Ι111·1,1,19“7.

1 1 1 · ,

fflufflwffl'e'ffle‘m, 1111

111111. Lx.

1661611111116 161111111111111111 cuffiam, 11, m
16111111 1111111111,1,118.111111116111111 11, 1.

1

mus τ111111111111111ξὲ13, 111, 661. Addo. 11111, 161.
, , .

ffi}{⁰m‚1,⁸iffeimne 9111, 11, 671
1611111 11111111, ι, 169.
1166616131 ⁷¹⁸⁰
1611111161 1111, 11, 111.
1611111111111, 111, 519. 6. m.
161111111111161111, 11, 666.
6611111111 111111, 111, 666.
16111111111116111. S. 16.
ῧοῗιῖῗῐῖιῖιῗιιῖἷ ¹3⁵⁰ 111.
1611111 1111111111111111111111, 111, m
16111161111611, ιιι, 116.
1111011111, Ι1111111111 111, 66.
11111111 ·· ³⁸³·
16161111166169.
16111111 1111111, 11, 661.
1611111111 1111111111, 6. m.
1616661116·
fflffi'ffin, 111, ,
16111111 111111, 111176.
66161111111111111, 11, 616.
611111 amor, 111, 666.
61111111 numero, 11 616.
6111111 11111, 11661.
AEquor 1111111111 111111, m.
AEquore 11111111 1, 618.
6111111 11111111, 1, 7111111, 166
6111111161111111, 11 161767.
1111111111
6111111111, 1. 666. 1111111111 mm, 111. U·
ffl 1111Ιῆ111111, ι, 796δῆ111111, 111, 196.

ι ' , 1 1
1111111111· ²³³·
6111111111,11,666.6111111 11111111, 11, 666

. 33

 

